4294967279,84
4294967279,81
4294967278,139
4294967278,133
117,6
117,5
117,4
117,3
117,2
117,1
4294967279,133
4294967278,284
4294967294,176
4294967294,264
4294967278,383
116,7
116,6
116,5
116,4
116,3
116,2
116,1
4294967278,382
115,7
115,6
115,5
115,4
115,3
115,2
115,1
114,5
114,4
114,3
114,2
114,1
4294967278,381
4294967279,451
4294967279,234
4294967294,38
4294967294,37
4294967294,36
4294967294,39
4294967278,231
113,5
113,4
113,3
113,2
113,1
4294967278,219
4294967294,40
4294967278,215
112,5
112,4
112,3
112,2
112,1
4294967294,489
77,4
111,4
111,3
111,2
111,1
4294967278,380
4294967278,186
4294967278,183
110,6
4294967278,185
110,5
110,4
4294967278,184
110,3
110,2
110,1
4294967278,68
4294967278,291
4294967279,304
4294967278,179
4294967278,178
4294967278,177
4294967278,173
109,4
109,3
109,2
109,1
4294967278,172
4294967278,168
4294967294,393
4294967294,390
4294967278,167
4294967278,166
74,4
4294967278,163
4294967278,161
108,4
4294967278,162
108,3
108,2
108,1
4294967278,289
4294967294,1425
4294967279,297
4294967278,290
4294967278,53
4294967278,48
4294967278,288
4294967278,43
4294967278,287
4294967278,38
4294967278,174
4294967279,174
4294967278,157
4294967294,270
4294967279,158
4294967278,156
4294967278,153
4294967278,152
107,4
107,3
107,2
107,1
4294967278,151
4294967279,293
4294967278,28
4294967278,379
4294967278,378
4294967278,147
4294967279,146
72,4
106,4
106,3
106,2
106,1
4294967278,285
4294967279,392
4294967294,205
4294967294,1423
4294967294,488
4294967294,1424
4294967278,135
4294967279,135
4294967278,134
71,4
105,4
105,3
105,2
105,1
4294967278,267
4294967294,167
4294967294,466
4294967294,160
104,4
104,3
104,2
104,1
4294967278,377
69,4
103,4
103,3
103,2
103,1
4294967278,376
4294967278,251
102,7
102,6
102,5
102,4
102,3
102,2
102,1
4294967294,388
4294967294,1433
101,7
101,6
101,5
101,4
101,3
101,2
101,1
4294967278,375
4294967279,450
66,4
100,4
100,3
100,2
100,1
4294967294,487
4294967279,449
4294967294,218
4294967294,209
4294967294,185
4294967278,374
4294967278,373
99,6
99,5
99,4
99,3
99,2
99,1
4294967278,372
63,9
98,8
63,8
98,7
98,6
98,5
63,6
63,5
63,4
98,4
98,3
98,2
98,1
4294967279,448
62,4
97,4
97,3
97,2
97,1
4294967278,371
4294967278,260
60,4
96,4
96,3
96,2
96,1
59,4
4294967278,146
95,5
95,4
95,3
95,2
95,1
4294967278,33
4294967278,286
4294967294,89
4294967278,370
4294967278,142
4294967294,486
4294967294,2
4294967278,141
4294967278,369
56,4
4294967278,368
4294967278,276
94,4
94,3
94,2
94,1
4294967278,136
4294967279,22
4294967279,134
4294967279,283
93,5
93,4
93,3
93,2
93,1
4294967294,107
4294967294,22
4294967294,7
4294967294,6
4294967294,94
4294967294,93
4294967294,96
4294967294,95
4294967294,46
4294967294,115
0,5
4294967278,367
4294967294,426
92,4
92,3
92,2
92,1
4294967279,282
0,7
4294967294,9
4294967279,385
4294967294,45
4294967294,44
4294967294,53
4294967294,417
4294967278,255
4294967279,447
91,5
91,4
91,3
91,2
91,1
4294967294,29
4294967294,28
4294967294,27
4294967294,91
4294967294,90
4294967294,88
4294967294,87
4294967294,86
4294967294,85
4294967294,1420
4294967279,247
4294967278,243
4294967294,425
4294967294,384
4294967294,168
4294967294,599
4294967294,462
4294967294,468
4294967294,456
4294967294,169
4294967294,111
90,4
90,3
90,2
90,1
4294967279,231
4294967294,81
4294967294,50
4294967278,227
4294967278,225
89,5
89,4
89,3
89,2
89,1
4294967278,366
4294967278,365
4294967279,313
4294967278,364
50,4
88,4
88,3
88,2
88,1
4294967278,363
4294967278,362
4294967294,25
4294967279,446
4294967278,361
49,4
87,4
87,3
87,2
87,1
4294967294,17
4294967294,42
4294967294,67
4294967294,99
4294967294,76
4294967278,360
4294967279,307
86,4
86,3
86,2
86,1
4294967278,359
4294967294,41
4294967278,358
4294967278,357
4294967294,485
4294967294,43
85,4
85,3
85,2
85,1
4294967294,51
4294967294,52
4294967294,26
4294967279,298
46,4
84,4
84,3
84,2
84,1
4294967294,92
4294967278,356
4294967278,355
4294967278,354
45,4
4294967279,147
83,4
83,3
83,2
83,1
4294967278,353
4294967279,445
4294967278,352
4294967279,275
44,4
4294967279,139
4294967279,279
82,4
82,3
82,2
82,1
4294967278,351
4294967278,0
4294967278,274
4294967279,444
4294967279,20
4294967279,390
43,4
81,4
81,3
81,2
81,1
4294967279,288
4294967279,443
4294967278,350
4294967294,183
4294967294,249
4294967294,119
4294967294,180
4294967294,484
4294967278,262
4294967279,442
42,4
80,4
80,3
80,2
80,1
4294967278,349
4294967278,348
4294967278,256
4294967278,347
4294967278,346
4294967279,441
41,4
79,4
79,3
79,2
79,1
4294967279,440
78,5
78,4
78,3
78,2
78,1
4294967278,229
77,5
4294967279,220
77,3
77,2
77,1
4294967279,315
76,6
76,5
76,4
76,3
76,2
76,1
4294967279,439
4294967278,345
4294967294,483
4294967279,438
4294967278,344
75,4
75,3
75,2
75,1
4294967279,201
4294967279,310
4294967278,343
4294967279,194
74,5
4294967279,192
4294967279,193
74,3
74,2
74,1
4294967279,437
4294967278,342
4294967279,186
4294967279,184
73,4
73,3
73,2
73,1
4294967278,341
4294967278,340
72,5
4294967279,177
72,3
72,2
72,1
4294967278,339
4294967278,338
71,5
71,3
71,2
71,1
4294967279,167
4294967278,337
4294967278,336
70,4
70,3
70,2
70,1
4294967278,335
4294967279,159
4294967279,296
4294967294,1432
4294967294,482
4294967278,334
4294967279,436
69,5
69,3
69,2
69,1
4294967294,202
4294967279,291
68,7
68,6
68,5
68,4
68,3
68,2
68,1
4294967279,278
4294967278,275
67,7
4294967279,391
67,6
67,5
67,4
67,3
67,2
67,1
4294967278,333
4294967279,435
4294967279,389
4294967279,268
66,5
66,3
66,2
66,1
4294967279,434
4294967278,278
4294967294,116
4294967294,399
4294967294,406
4294967294,398
4294967294,391
4294967294,451
4294967278,332
4294967279,261
4294967294,1431
4294967279,388
4294967279,433
4294967279,387
4294967279,386
65,6
4294967279,384
65,5
65,4
4294967279,319
65,3
65,2
65,1
4294967279,432
4294967294,481
4294967278,331
64,4
64,3
64,2
64,1
4294967279,243
4294967278,241
4294967278,239
25,0
25,5
4294967278,236
4294967279,316
4294967278,233
4294967279,233
63,7
63,3
63,2
63,1
4294967279,225
4294967294,0
4294967279,221
4294967279,217
62,5
